-2.89299 0.88820 0.00146 0.01880 0.04285 -2.21738 -0.74076 -0.47627 0.01706 0.01156 -3.86005 -1.75941 -2.25678
-1.32505 -0.56775 -1.14283 0.02270 0.04150 -1.44470 -0.90177 -0.42627 0.03293 0.02012 -3.81736 -0.49524 -1.54463
-1.46860 -0.15438 -0.09647 0.01864 0.01231 -1.68315 -0.08074 0.01309 0.02546 0.04101 -4.75828 -2.14321 -1.62529
-1.13856 -0.27581 -1.23593 0.03636 0.00212 -2.39981 -0.46765 -0.33339 0.03351 0.02504 -4.48934 -1.79775 -1.81247
-2.75959 -3.55343 -1.31428 0.00438 0.00788 -1.77571 -2.00204 -0.91107 0.02348 0.03240 -3.73429 -0.97515 -1.44043
-1.55292 -1.68595 -2.58039 0.04283 0.01663 -1.81199 -2.05135 -1.19390 0.00112 0.01114 -3.36976 -0.92747 -1.64926
-1.01727 -1.28117 -0.99388 0.02408 0.03286 -1.43449 -0.73474 0.01152 0.01917 0.03925 -4.11376 -1.77243 -1.37598
-1.36312 -0.94300 -1.64241 0.00273 0.04583 -1.82639 -1.31079 -0.46570 0.04026 0.00453 -3.85399 -0.98812 -2.08381
-0.96625 -0.15302 -0.27876 0.04308 0.02608 -1.32958 0.09147 1.08986 0.00394 0.01748 -4.44201 -3.91506 -2.23655
-1.11869 -0.43288 0.26845 0.02977 0.04821 -1.23384 -1.05123 -0.11495 0.00719 0.00324 -4.41364 -1.57940 -2.40359
-1.18587 -0.53228 -0.92646 0.04894 0.03784 -1.62672 0.11923 -0.03427 0.03581 0.00489 -4.31704 -1.55549 -1.35011
-1.07970 -0.06286 -0.11502 0.04893 0.04701 -1.35161 -0.38813 -0.08445 0.04465 0.02137 -4.84636 -2.32600 -2.06252
-1.03872 -0.06034 -0.09279 0.02735 0.00676 -1.39077 -0.15734 0.01963 0.04814 0.03149 -4.04222 -1.46309 -1.41792
-0.63760 0.03726 -0.05159 0.02701 0.04867 -1.49698 0.25349 -0.54464 0.03412 0.02195 -4.46793 -1.48028 -2.49946
